XIII.

JUILLET 1858.

 

   

 

       
     

   
          

 

      

 

 

 

 

 

 

 

 

 

 

 

 

 

 

ζ Βανοτηὲῐνε ὰ 0⁰ T empe'rature esterieure Differeuce entre Ie T herm. T ensz'on de Ia vapeur d'eau
ἓ.. en pouces εἰ liques Par. suivant le Therm. ceutt'q. sec et mouillff. dans l’az'r en liques Par.
ξ 71⁸· dumat. 2¹¹⁴ du soir 9¹¹-du seir 7Ᾱ- du m. 21⁸· du s. wudu 3. 7¹¹·dum. 2h>du s. 9¹⁸-du s. 71¹·du m. 21⁸·du s. 9¹¹·du s.
1 27. &so 27. 839 27. 836 4140,0 443⁰,ss 110,7 20, 2 10, 2 0⁰, 2 s, 01 4¹⁰, 31 4”’, 34
2 ἘΑΒ 8,78 9,54 15‚2 15,0 10,0 2, 0 2, 7 O, 3 4, 47 3, 90 3, 83
3 10,61 11,37 28. 0,20 15 ,5 15,4 13,5 2, 8 1, 4 Ο, 3 3, 99 4, 77 4, 82
4 28. 0,57 11,68 27.1],10 17 ‚S 22 ,2 14 ,2 1, 3 4 , 7 1, O 5, 68 5, 02 4, 63
5 27.10,33 9,72 9,72 19 ,1 22 ,7 13 ,2 2, 2 6 , 4 1 , 0 5, 59 4, ‘23 4, 33
6 10,24 10,35 10,20 17 ,3 20 ,0 15 ,2 Ο, 9 3, O Ο, 5 5, 65 5, 41 5, 26
7 11,41 11,50 11,55 19,0 24,1 16,4 2,1 6,3 1,2 5,61 4,84 5,24
S 11,47 11,Ο3 10,81 21,6 19,7 16,1 4, 4 3, O Ο, 6 5, 11 5, 30 5, 51
9 28. 0,03 28. 0,.92 28. 1,16 15 ,2 19 ,9 17,7 0, 2 2, 7 l, 5 4, 44 5, 57 5, 52
10 Ο,95 Ο,11 27.11,78 17 ,7 24 ,7 17 ,2 0, 7 6 , 4 1, 0 6, 03 5, 00 5, 65
11 27.11,47 27,11,Ο4 11,12 18,7 25,1 18,2 2, 1 6, 7 1, 0 5, 50 4, 97 6, 03
12 1Ο,57 10,69 10,77 17 ,Ο 19 ,2 18 ,2 1, 0 l, 0 1, 3 5, 57 6, 43 5, 72
13 10,62 10,65 10,95 18 ,7 18 ,7 16 ,1 0, 5 0 , O 1, 0 6, 57 6, 91 5, 25
14 11,48 11,61 11,65 22,7 26,6 IS,7 l,5 6,ss O,5 7‚64 5,7Ο 6,57
15 11,91 1131 28. 0,76 22 ,9 29 ,0 19 ,0 1 , 8 5 , 3 Ο , 5 7, 20 7, 91 6, 69
16 28. 1,34 28. 1,38 2,01 22,8 27,7 19 ,0 1, 9 4 , 5 0, 4 7, 39 7, 81 6, 76
17 3,11 334 3,19 20,7 30,0 18,4 0, 7 7, O 1, 2 7, 29 7, 05 5, 98
18 3,93 385 3,(11 17 ,l 28 ,9 19 ,7 0 , 3 6 , 6 1, 7 6, 06 6, 78 5, 92
19 257 1,So 1,51 ‘23 ,2 31,5 21,1 2 4 4, 0 1, 0 7, 19 10, 57 7, 25
20 1,17 0,.38 27.11,91 22 ,4 30 ,7 20 ,3 2 , 4 4 ‚ 4 1,1 6, 83 9, 69 6, 82
21 27.11,91 27.11,67 1134 23 ,l 28 ,3 21,9 1 , 3 ’4 , 4 1 , 1 7, 99 S, '2ss 7, 55
*22 11:22 1040 9,st 23,9 31,7 21,7 1, 5 5, 6 2, 4 S, 23 9,12 6, 52
23 9533 11101) 1064 18 ,7 24 ,2 16 ,3 0 , 9 4 , 8 1 , 6 6, 30 5, 91 4, 96
24 1039 lom 5153 18 ,2 22 ,2 15 ,7 1 , 0 2 , 4 O , 7 6, 03 5, 74 5, 30
25 &60 7,16 5:35 17,1 22,1 16,7 0, 9 2, 4 Ο, 5 5, 68 5,δ2 5, 79
26 338 3,10 3,(’18 16 , 7 19 ,7 14 , 7 0 ‚ 2 3, 5 0 ‚ 2 5, 96 3, 99 5 , 27
27 3,64 168 5,71 18 ,6 17 ,S 15 ,4 1 , 8 1, 0 (J , 5 5, 66 5, SS 5, 33
28 6,.58 731) 11111 17 ,3 123 ,0 13 ,2 0, 9 0, 7 0, 1 5, 75 5, «16 4, 60
29 9:23 9,59 1055 17 ,8 *23 ,3 15 , 5 0 , 9 4 , 7 0 , 4 s) , 94 ἶ) , 60 5 , 41
30 105⁴ 11,26 11,96 18 ,δ 2.1.7 14 ,7 1, 5 2, (Ι 0, 6 5, 94 ὃ, 25 5, 03
31 23. ‹152› ⁴28. 0³36 28. 0³³) 19,1 23 ,11 15 ,3 1, 1 4, s 1 . 6 G, 32 5, 40 4, 63
ιιι
,ξ’ 2710,ae nume 27.10,76'÷190,0 ÷23⁰,1¹÷160,ss' 10.5 1 3⁰. υ οπο Ι 6”’,()5, 6”’,1715”’,56
Barom. Max. le 18 vers nn N. faiblo.
Bnrmu. Min. le 26 vers un NE. faible.

 

 

 

