XI.

JU1N1857.

   

 

 

Ill) ,mos

*aa

 

 

 

   

Buram. ὰ 0⁰

en pouces et Iz'ynes Par.

T empe‘rature (nrie'riezcre Dq'ffe'reuoe entre Ie T lnrm.

suivant Ie Thena. cezztz'JJ. sec et mouille.

771· du m. 2¹¹- du s. 9¹¹· du s.

Th-du m. 2'1- dus. Sh-dns.

711-‹Inmat. 2¹1-dns0i1· 9l1-dusm'r

   

      

 

Twzsz'nu 1113 la rapeur ‹I’eau
daus l'm'r cn liques Par.
7h-‹lu m. 27¹· dn s. 9¹²- du s.

 

 

 

 

 

 

 

    

23. 2,10 27.11,65 27. 9,45 ÷100,8 ÷ 70,5 ÷ 77,5 57, 0 0⁰, ο 00, o 1”’, 115 3’“’, 38 3⁰, 38
27. 283 &95 85? ‘j ,3 11,1 ὅ ,5 0, Ο ‘2 , 3 Ο, 5 3, 34 3, ‹17 3, 37
9,1.5 9,.53 111111» 9 ,9 17 ,7 11.1 1, 4 7, 7 1, 1 3 73 3, 40 3, 69
¹28. QUO ⁶28. (239 28. O,‘24 11,7 19,0 14 ,2 2, 4 ἱ) , 5 2, 5 3, 04 4, 51 3, 78
7711414 1,.51) 1,11) 11,4 8,5 9‚5 1, 5 1, (3 1, 9 3, 50 2, 82 2, 89
28. 220· 2,70 1131) 8,1 17,1 7,5 3, 4 2, 1 ο, 5 1, 87 3, 41 3, 14
<143 0,Ηὸ 1184 7 ..ἢ 12 ,5 1] ,O 0, 5 ἱ) , 2 O ‚ 3 3, 14 3, 47 4, 09
058 002 111111 7 15 ,7 10 ,2 0, 3 3, 5 2, 0 3, 24 4, 51 3, 00
27. &54 27. 7,δό 27. 754 14 ,7 2⁴> ,¹2 13 ,δ 2 , Ο 6, Ο 2 ‚ 1 4, ‘24 3, {30 3, 88
2812 &77 8517 13 ,8 1551 11,1 ἱ), 3 2, 8 1), 8 3, 07 3, 95) 3, 85
848 825 814 13,7 17 ,1 14,3 7,1 4, 4 1, 3 3, 85 3, 515 4, 49
858 881 10,00 13 ,o 17,3 9 ,0 1, 9 4, 6 0, 4 3, 77 3, 21 3, 53
1080 28. 0,07 28. 135 0 9 ,7 7 ,3 0, 4 7, 7 0, 6 2, 97 7, 79 3, 16
)3. 7,·711 753 3,13 7 ,3 12 ,7 5 ,0 0, 8 4, 1 0, 7 7, 94 7, 57 7, 54
334 4,15 7,1;7 10,1 14 ,3 5,0 5 7, 7 0, 9 2, 23 1, 33 7, 44
1413 130 1,74 13 ,1 711,1 8 ‚0 2, 3 9, 0 1, S 3, 57 1 82 2, 61
1,8;'‚ 1,74 773 15 ,0 20 ,5 1ιί ,0 3, 9 6, 9 2, 1 3, 50 3 14 7, 89
287 277 2295 14 ,5 23 ,1) 13 ,1 3 6 8, 6 7, 5 3, 25 7, 04 3, 46
159 1173 11114 17 ,0 24 ‚5 15 ,5 4, 1 8, ‹¹› 3, 8 3, 09 3, 45 3, 41
0,ssss 0551 051 17 ,2 22 ,3 1051 3, 0 7, Ξ) 7, 4 4. 40 2, 37 2, 86
118 1,1;1 7,·77 13,3 15,1 3,9 1, 3 6, 5 1,1 4,19 7,11) 3,15
537 334 384 14,1; 71,5 15 ,11 3, 9 8, 5 4, 5 3, 10 2, 51 3, 00
4,27 380· 299 17,1 255 15,⁴· 4,1 8, 3 3,1 3, 72 4,11 3, 93
317 299 254 20 ,0 ‘29 ,2 ‘253 ,0 4 , 9 9 , 9 6 , 9 4 , 18 4, 47 4, 00
240 204 314 18 ,0 74 ,7 17 ,7 4, 1 8,1 5, 7 4, 00 3, 8: 2, 98
:³4³6 7,4;·» 1,·77 17,7 21,0 10 ,ε 4, 3 8, 0 3, 9 7, 41) 7, 65 3, 54
771175 77. 9,,11) 77. 853 17,0 74 ,1 13,3 3, 3 7, 1 1, 0 4,17 4, 31 4, 35
933 8336 [50 10 ,3 11;,7 15 ,Ο 3 , 3 7 , 1 1 , 9 2, 35 1 , 89 4, 36
13,06 730 83ss 12 ‚3 9 ,0 10,5 3, 0 1, 3 1, 0 7, 01 3, 08 3, 59
809 3,.37 1113 9 ,5 18 ,7 111,5 2, 1 7, 5 1, 5 2, 79 2, 30 3, 21
zan-43 28.0,10 27.11,91¹÷ 120,5 ÷ 170,1 4113151 2⁰,6 50, 5 2⁰, 0 Ι

 

 

 

 

 

 

Barom. Max. le 23 vers 1111 S. tr'cs saible.

Barom. Min. le 29 vers 1111 ΝΟ. leger.

 

