xm.

JUILLET 1857.

  

 

 

 

 

ἒ Barom· ὰ 0⁰ T emper-atara osten-ieme Dzffisrence entre le lerm. Tmzsion de la vapeur ‹Peau
ἐ, en pouces et Iz'ynes Par. suivant lc T herm. centz'y. sec et mouille: dans I’air en ligsnes Par.
¹:21

Ξ 7ῙὶΑ (Iu mat. ἱ 21¹· (Ιιι sair· 2¹¹- du sofr 71¹- du m. 27³- du s. Μ’· clu s. 77¹-cln m. 211Ᾰεῖ14 s. ,ΨΑ-ἆυ s. 7¹¹·du m. :lh-du s. 9¹¹·du s.

 

 

 

 

 

 

 

 

 

 

 

 

 

 

 

Ι 1 37. 8,45 37. 3,.54 37. 9,40 413 ,0 41535 41337 33, 0 5, 0 5⁰, 3 3”“, 45 3”’, 79 1”’, 05
3 1089 1033 11,01 10,0 30,3 13,0 3, 8 8, 3 0, 1 3, 30 3, 31 1, 93
3 11,10 1103 11,74 17,0 33,0 13,1 4,3 8,5 3,1 3,05 3,34 3,15
4 28. 0,09 28. 0,30 38. 0,43 10,7 33 ,1 15,1 3, 7 8, 1 3, 9 3, 84 3, 31 3, 30
5 039 371134 371130 17 ,1 17,0 10,0 4, 3 3, 8 2, 9 3, 03 3, 87 4, 09
6 27.11,‘2:3 10,28 10,05 31,0 35 ,3 19 ,1 3, 7 9, 7 4, 1 5, 34 3, 00 4, 38
7 9,.30 1000 1013 17,1 35 ,1 18,S 1, 1 5, 2 3, 5 5, 54 0, 03 5, 39
8 0,71 1180 000 31,8 19,5 10 ,0 5, 3 1, 0 0, 3 5, 03 0, 55 5, 73
0 390 8,53 7,95 13,0 10,0 14,3 0, 0 0, 3 0, 0 4, 83 5, 00 4, 47

10 9,40 1037 1083 15,0 33,5 17 ,0 0, 5 5, 1 3, 0 4, 39 5, 00 4, 95
11 11,03 11,01 1054 19,5 33,3 14 ,0 3, 8 4, 8 0, 9 5, ‘20 5,11 4, 47
13 11,00 11,47 38. 0,04 16‚‘.> 18 ,0 10,0 3, 0 3, 0 1, 5 4, 71 4, 74 4, 03
13 38. 0,70 38. ,0,80 371105 18,0 33 ,7 19,3 1 , 9 5, 5 3, 3 4, 04 5, 11 5, 05
14 371000 0,38 33, 0,40 19 ,0 18,5 15 ,0 3, 5 4, 3 0, 7 4, 07 4, 74 4, 85
15 30. 1,111 0,74 038 15,5 33,5 15,5 3, 7 0, 5 1, 5 3, 73 5, 33 4, 66
10 37.11,78 371030 37. 839 1⁸‚9 33,1 15,5 3, 8 5, 1 1, 8 5, 33 4, 13 4, 71
17 7,74 7,45 7,00 15,0 33,3 14,0 0, 0 0, 0 1, 3 5, 00 3, 90 4, 70
18 7,99 871} 9,47 14,0 13, 7 10 ,0 1, 5 1, 5 0, 3 4, 38 4, 28 3, 89
19 10,70 11,44 38, 0,08 10,7 15 ,3 13,0 1, 5 4, ‘2 1, 0 3, 00 3, 05 3, 38
30 28. 1,-21 11,88 27.11,65 14,0 30,3 15 ,0 3, 9 0, 8 4, 0 3, 74 1, 44 3, 17
31 371050 9,35 7,94 15,3 30,5 14 ,7 3, 0 5, 0 0, 5 4, 30 1, 58 5, 09
33 5,09 5,10 5,19 13,7 14,5 13,3 0, 5 0, 5 0, ‘2 4, 71 4, 77 4, 53
33 0,15 7,03 8,(13 13,4 17,3 11,7 0, 7 3, 4 0, 7 4, 53 3, 80 4, 06
34 090 1050 1035 13,7 33 , 7 13,7 0, 3 7, 3 3, 0 4, 31 3, 58 3, 53
35 8,77 743 5,.98 13,9 18,1 10,7 1,1 1,4 0,5 4,15 4,40 5,79
30 573 079 834 15,·2 19,3 14,8 3,3 5,0 3,1 4,37 3,35 3,03
37 0,44 0,70 070 14,1» 31,3 14,7 3, 1 0, 8 3, 5 4, 50 3, 94 3, 90
33 7,41 7,03 733 ων 17,4 14,3 0, 8 1, 9 3, 5 4, 47 4, 03 3, 78
30 845 9,75 1039 13,5 10,1 14,1 3,7 5,7 1,9 3,04 3,07 4,οο
30 1150 1003 1043 13 ,0 33 ,1 15,8 3, 1 0, 9 3, 1 3, 00 1 37 4, 49
31 933 9,18 9,44 14 ,0 30,7 15 ,7 1, 1 4, 0 0, 0 3, 09 3 91 5, 14
ξ 37990 37991 379,οε 415114 430 οι4140 01 ⁰, , Ι

 

 

 

 

 

 

Barom. Max. le ‘20 vers un N. trbs faible.

Barom. Min. le 22 vers uu SE. tfes faiblc.

L-fflzj

 

 

 

