JANVIER 1857.

T empe‘rature exte'rieure Diffe'rence entre Ie T herm. Teneion de la vapew· d'eau
suivant le Therm. centiy. sec et mouille. dans l’air en liynes Par.
71¹· (ιίι m. 2¹¹- du s. 971-[111 s. 71⁴‘du ηι. 1 ,Ph-du s. 9¹=1dn s. 71¹-du m. 2¹¹⁴du s. ,9h-clu s.

 

     
      

 

     

    

B arom. ὰ 0⁰

en pouces et liques Par.

    
        

         

*83qu ηρ ,ιι

 

7Ῐ’- du mat. 21¹- du soz‘r 9¹¹· du solr-

 

 

 

 

 

 

 

 

 

 

1 971666 971663 971619 -119,1 - 766 - 993 90, 9 00, 3 6Π 3 6, 64 1””, 19 6’”, 93
‘³ 11,ι() 11,ῐ11 1136 -13,1 -17 ‚8 -19 ,3 6, 4 6,1) 6,1) 6, 64 0, 54 s), 48
3 11,16 11,46 1666 ί19,9 - 9,6 -14,6 6, 3 6, 6 6,1 6, 69 6, 76 6, 64
4 98. 667 96. 666 96. 164 -19,6 -16,6 - 9 ,6 6, 3 6, 5 0, 3 6, 71 6, 76 6, 99
6 3,·96 4,16 1,,69 -16,6 - 6,9 -11,4 6,1 6,1 6, 3 6, 9, 6, 96 6, 76
t, 7,49 631 911 419,ss - 9‚3 -11,4 6, 9 6,1 6,1 6, 66 1, 66 6, 85
7 9,13 6,.64 6,,36 -13,6 -ι4,9 -16,9 6, 9 6, 6 6, 0 6, 69 6, 79 ο, 69
3 694 4667 3,67 - 9,7 - 7,3 - 6,6 6, 9 6, 3 6, 5 6, 94 1, 69 1,,67
9 1,16 6,46 971146 - 4 ,3 ÷ 6,6 4- 6,4 6, 9 6, 6 6, 3 ι, 16 1, 66 1, 96
16 97. 9,64 97. 9,66 669 - 9,5 - 3..·6 - 7.6 6, 3 6, 3 6, 3 1, 69 1, 47 1, 69
11 7,64 7,39 6,71 -11,3 η- 9,.6 -16,3 6, 9 6,1 6, 6 6,113 1, 67 6, 96
19 636 696 676 - 5‚3 - 4‚8 - ,6,3 6, 6 6, 1 6, 6 1, 39 1, 41 1, 39
’13 7,.61 666 646 -4,6 -4,6 -7,1 6,3 6,3 6,3 1,46 1,34 1,19
11 944 19,ss 11,66 - 6,3 - 6,4 - 6,7 6, 4 6, 9 6, 3 1,16 1, 99 1, 15
15 2³8. 6,113 96, 1,117 96, ml -111,5 - 6 ,6 - 8‚9 11,3 0, 1 1), 2 6, 65 1, 24 1, 01)
16 616 97.11,76 971161 - 4‚4 - 9,7 - 4‚5 6, 9 6, 3 6, 6 ι, 41 1, 56 1, 99
17 0,(17 96. 6,911 28. 638 - 2‚7 — 9,3 - 1,7 6, 3 6,1) 6, 3 1, 56 1, 73 1, 68
1⁸ 971639 971669 97. 9,-93 - 9,9 - 9,4 ÷ 6,6 6, ι 6, 1 6, 6 1, 61 1, 67 1, 63
19 6,67 3,·93 4,-96 ÷ 9,6 ÷ 2,ss ÷ 3,6 6, 6 6, 9 6, 9 9, 41 1, 93 1, 57
96 7,99 664 619 -9,6 -9,6 ῌ3,7 1,6 6,6 6,3 1,17 1‚37 1,46
91 6,16 7,93 6,17 4-,6,1 4- 6,4 -1- 6,3 6, 6 6, 3 6, 9 1, 66 Ἰ1, 97 1, 99
99 6,43 7,76 , 699 -1,6 -1,7 -9,7 6,6 6,9 6,3 1,79 1,73 1‚57
93 694 663 666 -9,4 Ἶ96,9 Ἴι6,6 6,6 6,9 6,6 1,79 1,96 ,1,79
94 7‚94 664 679 - 9,3 -1,6 - 9,6 6,1 6, 4 6,1 1, 76 1, 64 1, 66
96 11,69 11116 96. 696 - 6 ,9 - 6,7 -16,9 6, 6 6, 9 6,1 1, 94 1, 69 6, 68
96 96. 1,73 93. 6,9-9 1,67 -11 ,6 -10‚5 -16,3 6, 9 6, 3 6, 9 6, 61 6, 66 6, 90
27 0‚53 , 691 6,46 -19,6 -19,1 -11,6 6, 9 6, 9 6, 9 6, 78 6, 76 6,.81
28 Ο,73 (1,73 6,.68 —10,5 -16,3 -11,6 6, 9 6, 4 6, 1 o, 88 6, 83 0, 83
99 6,117 6,.66 om -19,7 -11,3 -11,1 6, ‘2 6, 9 O, .·1 ι), 74 6, 83 6, 72
36 676 6,119 696 -11,6 -13,6 -14,1 6, 1 6, 4 6, ι 6, 63 6, 66 6, 66
31 1,13 6,17 6,99 - 9,6 -14,7 ᾖ 7,4 6, 9 6, 6 6, 9 6, 76 6. 66 1,19
,ξ 97.ιι,49 97.11.15197.11,45Ι-7“,41-6”,61-79,4Ι 669 0⁰, 3 J 0⁰‚3 Ι stu} 1¹¹¹,23 ¹¹¹¹,15
Barom. Max. le 7 vers un SO. l6ger.
Barom. Min. le 19 vers un SO. trbs fort.

 

 

 

 

