XIX.

OCTOBRE 4857.

     

But-om. ὰ 0⁰

en pouces et lz'ynes Par.

Tmupdratzwe exta-imre

       

sec et mouille‘.

     
  

 

suivant le Therm. ceutiy.

   

2¹¹·(lu s.

 

9¹¹·dzt s. 711-du m.

  

7¹¹-dn m.

       

φ’, dn s.

  

71.. (Iu m. 2¹¹- dcc s.

  

 

77¹- (Ile mat. 21²· du soz'r 9¹¹· du sofr

 

23. 1131 27.11,93 2711112 ÷ 9⁰,1 ÷140‚3 ÷ 90,3 00, 1 3⁰, 1 00, 8 3”“, 33 3”, 61
27311 6111 316 ÷8,2 11‚4 1-9,2 0,0 0‚0 o,0 3,54 4,37
6118 3311 mo ÷S,4 14,ss 1- '³,7 0,0 1,3 2,5 3,59 4,55

7,44 336 9,23 ÷ 6, 12,2 ÷ 3,2 1, 8 1, 4 ο, 3 2, 32 2, 28

mm {1,65 9,67 ÷1,‹ 19,7 ÷ 9,1 (1,1) (1,1) 0, 0 2, 29 1,17

6 1163 312 3113 1115 11,.3 -ι- 6,7 11,ο 2,3 9,3 4,45 3,17
7 7113 691 316 ÷ 7,9 11,7 1- 7,11 1),11 2, 3 0, 5 3, 47 3,19
3 916 9,911 931) ÷ 1,1) 10,4 ÷ 9,5 ο, 2 6, 0 0, 3 2, 73 4, 99
9 τ,72 7,70 &68 ÷ 9,9 11,2 1- 9,7 0, 2 O, 2 9, 2 3, 86 1,19
10 905 363 636 1- s, 3,7 ÷ 3,3 0,1 (1,1) ο,ο 3,61 3,66
11 3,.31 11139 11,79 ÷ 5,7 3,·2 ÷ 6,·2 (1,1 ο,3 0,o 2,93 3,11
12 28. 1,111 28. 1,73 23. 3,17 ÷ 6,9 13,9 ÷ 7,6 (1,1) 2, 1 0, 4 3, (¹6 4, 37
13 128 113 3,(19 ÷ 6, 9,0 ÷11,4 ο, 11 9, 2 (1,1 3, 23 3, 38
11 3,7ss 4‚08 3,67 111,3 12,3 112,2 (1,1 6, 3 0, 5 4, 28 4, 16
13 2,76 131 QG* ÷11‚‹· 13,1 1- 3,9 9, 6 2, 0 1, 0 3, 93 4, 01
16 2711112 11117 1,79 ÷ 3,5 9,9 -ι- 2,7 9, 3 2, 0 0,1 3,11; 2, 93
17 23332 4,37 ι1,73 -1,4 6,6 -6,3 1),1 3,2 6,3 μω) 1,36
13 1,77 123 332 — 2,7 7,2 ÷ 2,7 11, 11 2, 3 ο, 3 1, 03 1, 23
19 252· 1,211 1118 -1- 1,1 7,6 ÷ 7,2 11, 9 1, 9 11, 8 2, 34 2, 49
21) 271135 27.11,ST 97.11,9>< ÷ 5,4 9,9 -1- 8,8 0, 0 1,0 Ο, 8 2), 94 3, 44
21 16,92 11123 11131 ÷ 9,9 11,7 ÷ 9,2 0, 3 1, 3 9, 8 3, 33 3, 61
22 9,,’3 9,(16 9111 1- 7,1 19,1 ÷ 8‚7 0, ο ο, 3 1), o 3, 36 3, 83
23 mm 28. 1111 23. 2113 ÷ 5 ,9 7 ,7 1- 2 ,11 0, 0 1, 7 9, 3 3, 04 2, 611
21 28. 349 1,12 1,133 ÷ 2,3 11,9 ÷ 5,4 0, 8 2, 2 0, 3 2, 07 3, 31
23 4,.31 3,7ss 301 1- 3,7 39 1- 5,8 ο, 0 1, 2 0, 3 9, 6? 3,11
211 239 213 3119 ÷ 1 ,3 8 ,5 1- 1,3 0, 0 1, 2 9, 3 2, -22 3, 62
27 3,36 1,114 475 -ι- 4,7 sm ÷6,5 9,2 2,3 1,9 ρ,72 2,37
-23 163 1,13 332 ÷ 5,3 8,·.> 1- 6,3 0, 6 1, s 1,1 2, 54 2, 63
29 2137 2116 1,29 ÷ 6,3 8,2 ÷ 8,‘2 (1,1 9,1 (1,1 ρ 97 3149
30 tm? 27.11,39 2711131 -1- 9 ,3 1ο,3 116,2 1), 2 1, 9 1, 1 32 33 3, 39
31 27. 9,.··,9 11),16 11,.32 ÷ 7,ss 9..) ÷ 3,2 ο, 0 0, 4 0, 3 3, 45 2. 33

 

 

 

 

 

ξ zatun 27.11,83 28.0.01 '4- 6⁰,3¹÷10⁰,3 -4- 7⁰,1'0⁰,2

Barom. Max. le 17 vers un N. trbs faihle.

Barom. Min. le 3 vers un Ο. fort.

 

 

21¹*du s. 91⁴·du s.

Ιῦωωῐῦωῐΰῐῦωιύωωωῑῦῐῦν-Ιὺωᾶῡ-ιρωωωωωωωωΙύῐῦωωὲ
⁴4... ⁴2- ..- „„„,„„„,„ “qq „ „ q,

Dffl'e‘reuce entre Ie leerm. T ension tle Ia vapew· cl'eau

dans l‘az'r en liques Par.

   

, 32
78
, 26
76
, 76
66
, 03

70
81
69

,10

21
14
31

40
79
3⁸2
92

,28

37
66

,211

80
78
08

 

‚27¹

⁶4!
34
311

,40

1⁰,4 1 ome Ι 3”’,οεΙ 3”’,33 ,3⁸20ss

